1	0.0	0.3058174573891752	NaN	NaN	
2	0.49822320757395194	-9.952150215042366e-12	0.0	0.9790212160816196	
3	4.772971178290675e-7	0.0008050040691789384	1.0812851994036612	2.6710601318028133e-7	
4	0.0001131048579418037	4.3370060653913356e-8	4.639526120783832e-7	0.030583489315723387	
5	1.4402585657435907e-7	1.654821208019186e-5	0.015278457547548967	2.969145372477355e-6	
6	2.2624026960738064e-6	4.621170113239259e-11	1.3178120456927092e-5	0.004348352265828125	
7	-3.281654435971504e-7	2.477170892856151e-7	0.0020141831712776224	4.507477594314625e-5	
8	-6.993238566010973e-8	2.46420000848957e-7	0.0005967102503550811	0.0002281344932299242	
9	-5.778784135657133e-7	2.881481531158414e-7	0.0004160092140462191	0.00014454327982933845	
10	1.4551995053402322e-8	-2.536330827584976e-7	0.00010509595684153104	9.99190917459692e-5
